0.20609074771464614
0.2004520405199125
0.19620553875511582
0.18276901125382225
0.1502798421584338
0.14318221834338526
0.13460392048880254
0.1276825144533349
0.12398516047170544
0.12182441689552687
0.12026041921846292
0.11898598284317301
0.11798131165462894
0.11720578486437462
0.11651596314079554
0.11578560257762213
0.11495993803144018
0.11405404938140239
0.1131484178015882
0.11231901997346491
0.1115893018294495
0.11094178169551251
0.11034761619235502
0.10978554181768979
0.10924495011583787
0.10872246739742507
0.10821840008844125
0.10773458484776298
0.10727375541807863
0.10683795572844881
0.10642651435870151
0.10603912233914176
0.1056829856540663
0.1053742423036937
0.10512578178018661
0.10493436431769154
0.10478499564378198
0.1046623190875898
0.10455498893918666
0.10445456039910032
0.10435336004571638
0.10424296249024692
0.10411352122282984
0.10395401771742058
0.10375437454370086
0.10351087908773177
0.1032326789782839
0.10294057642406154
0.1026552161445412
0.10238751039120923
0.10214001206896035
0.10191264190026265
0.10170554287673317
0.1015184661610909
0.10134925768433965
0.10119368357317803
0.1010466954820536
0.10090391572632114
0.10076268937898919
0.1006226047450106
0.10048528736141316
0.10035349492447815
0.10023000623941741
0.10011680806605835
0.10001473064842667
0.0999234448215777
